{
    "crowdSpawnInfos": [
        {
            "crowdTypeID": 104,
            "animConfigID": 10,
            "spawnPosition": {
                "x": 2024.4200439453125,
                "y": 204.0124969482422,
                "z": -860.0313110351562
            },
            "spawnFaceFwd": {
                "x": -0.961724042892456,
                "z": 0.2740197777748108
            },
            "sitOnChair": true,
            "hairColor": {
                "r": 0.4274509847164154,
                "g": 0.37254902720451355,
                "b": 0.3019607961177826,
                "a": 1.0
            },
            "bodyColors": [
                {
                    "r": 0.9333333373069763,
                    "g": 0.8666666746139526,
                    "b": 0.843137264251709,
                    "a": 1.0
                },
                {
                    "r": 0.572549045085907,
                    "g": 0.48235294222831726,
                    "b": 0.4000000059604645,
                    "a": 1.0
                },
                {
                    "r": 0.7215686440467834,
                    "g": 0.7215686440467834,
                    "b": 0.7215686440467834,
                    "a": 1.0
                },
                {
                    "r": 0.2862745225429535,
                    "g": 0.24313725531101227,
                    "b": 0.24313725531101227,
                    "a": 1.0
                }
            ],
            "OLLPOHKGJCA": 50014
        },
        {
            "crowdTypeID": 99,
            "animConfigID": 9,
            "spawnPosition": {
                "x": 2022.3060302734375,
                "y": 204.0124969482422,
                "z": -860.0272216796875
            },
            "spawnFaceFwd": {
                "x": 0.9917446970939636,
                "z": 0.12822800874710083
            },
            "sitOnChair": true,
            "hairColor": {
                "r": 0.5215686559677124,
                "g": 0.40392157435417175,
                "b": 0.2549019753932953,
                "a": 1.0
            },
            "bodyColors": [
                {
                    "r": 0.9333333373069763,
                    "g": 0.8666666746139526,
                    "b": 0.843137264251709,
                    "a": 1.0
                },
                {
                    "r": 0.7215686440467834,
                    "g": 0.7215686440467834,
                    "b": 0.7215686440467834,
                    "a": 1.0
                },
                {
                    "r": 0.2862745225429535,
                    "g": 0.24313725531101227,
                    "b": 0.24313725531101227,
                    "a": 1.0
                },
                {
                    "r": 0.572549045085907,
                    "g": 0.48235294222831726,
                    "b": 0.4000000059604645,
                    "a": 1.0
                }
            ],
            "OLLPOHKGJCA": 50015
        },
        {
            "crowdTypeID": 114,
            "animConfigID": 8,
            "spawnPosition": {
                "x": 2020.9549560546875,
                "y": 204.0124969482422,
                "z": -852.0402221679688
            },
            "spawnFaceFwd": {
                "x": 0.9420538544654846,
                "z": -0.3354613780975342
            },
            "sitOnChair": true,
            "hairColor": {
                "r": 0.3960784375667572,
                "g": 0.27843138575553894,
                "b": 0.1882352977991104,
                "a": 1.0
            },
            "bodyColors": [
                {
                    "r": 0.9333333373069763,
                    "g": 0.8666666746139526,
                    "b": 0.843137264251709,
                    "a": 1.0
                },
                {
                    "r": 0.22745098173618317,
                    "g": 0.2549019753932953,
                    "b": 0.33725491166114807,
                    "a": 1.0
                },
                {
                    "r": 0.3333333432674408,
                    "g": 0.364705890417099,
                    "b": 0.43529412150382996,
                    "a": 1.0
                },
                {
                    "r": 0.6352941393852234,
                    "g": 0.6196078658103943,
                    "b": 0.6549019813537598,
                    "a": 1.0
                }
            ],
            "OLLPOHKGJCA": 50016
        },
        {
            "crowdTypeID": 106,
            "animConfigID": 1,
            "spawnPosition": {
                "x": 2008.1080322265625,
                "y": 207.71429443359375,
                "z": -901.024169921875
            },
            "spawnFaceFwd": {
                "x": 0.45256081223487854,
                "z": 0.8917335271835327
            },
            "hairColor": {
                "r": 0.3960784375667572,
                "g": 0.27843138575553894,
                "b": 0.1882352977991104,
                "a": 1.0
            },
            "bodyColors": [
                {
                    "r": 0.9333333373069763,
                    "g": 0.8666666746139526,
                    "b": 0.843137264251709,
                    "a": 1.0
                },
                {
                    "r": 0.42352941632270813,
                    "g": 0.4627451002597809,
                    "b": 0.5647059082984924,
                    "a": 1.0
                },
                {
                    "r": 0.6745098233222961,
                    "g": 0.6666666865348816,
                    "b": 0.6549019813537598,
                    "a": 1.0
                },
                {
                    "r": 0.2980392277240753,
                    "g": 0.27843138575553894,
                    "b": 0.3176470696926117,
                    "a": 1.0
                }
            ],
            "OLLPOHKGJCA": 50018
        },
        {
            "crowdTypeID": 112,
            "animConfigID": 9,
            "spawnPosition": {
                "x": 2008.4010009765625,
                "y": 207.77200317382812,
                "z": -900.4360961914062
            },
            "spawnFaceFwd": {
                "x": -0.8155339360237122,
                "z": -0.5787091255187988
            },
            "hairColor": {
                "r": 0.5215686559677124,
                "g": 0.40392157435417175,
                "b": 0.2549019753932953,
                "a": 1.0
            },
            "bodyColors": [
                {
                    "r": 0.9333333373069763,
                    "g": 0.8666666746139526,
                    "b": 0.843137264251709,
                    "a": 1.0
                },
                {
                    "r": 0.22745098173618317,
                    "g": 0.2549019753932953,
                    "b": 0.33725491166114807,
                    "a": 1.0
                },
                {
                    "r": 0.3333333432674408,
                    "g": 0.364705890417099,
                    "b": 0.43529412150382996,
                    "a": 1.0
                },
                {
                    "r": 0.6352941393852234,
                    "g": 0.6196078658103943,
                    "b": 0.6549019813537598,
                    "a": 1.0
                }
            ],
            "OLLPOHKGJCA": 50019
        }
    ]
}