{
    "crowdSpawnInfos": [
        {
            "crowdTypeID": 285,
            "spawnPosition": {
                "x": -396.0090026855469,
                "y": 266.9674987792969,
                "z": 2708.89404296875
            },
            "spawnFaceFwd": {
                "x": -0.30312326550483704,
                "z": 0.9529513716697693
            },
            "hairColor": {
                "r": 0.5215686559677124,
                "g": 0.40392157435417175,
                "b": 0.2549019753932953,
                "a": 1.0
            },
            "bodyColors": [
                {
                    "r": 1.0,
                    "g": 1.0,
                    "b": 1.0,
                    "a": 1.0
                },
                {
                    "r": 0.5803921818733215,
                    "g": 0.5803921818733215,
                    "b": 0.48627451062202454,
                    "a": 1.0
                },
                {
                    "r": 0.35686275362968445,
                    "g": 0.29411765933036804,
                    "b": 0.239215686917305,
                    "a": 1.0
                },
                {
                    "r": 0.2980392277240753,
                    "g": 0.2823529541492462,
                    "b": 0.27843138575553894,
                    "a": 1.0
                }
            ],
            "OLLPOHKGJCA": 100001
        },
        {
            "crowdTypeID": 308,
            "spawnPosition": {
                "x": -396.31671142578125,
                "y": 266.6853942871094,
                "z": 2709.841064453125
            },
            "spawnFaceFwd": {
                "x": 0.4001524746417999,
                "z": -0.9164484739303589
            },
            "hairColor": {
                "r": 0.32156863808631897,
                "g": 0.21568627655506134,
                "b": 0.18039216101169586,
                "a": 1.0
            },
            "bodyColors": [
                {
                    "r": 1.0,
                    "g": 1.0,
                    "b": 1.0,
                    "a": 1.0
                },
                {
                    "r": 0.250980406999588,
                    "g": 0.2549019753932953,
                    "b": 0.32156863808631897,
                    "a": 1.0
                },
                {
                    "r": 0.5529412031173706,
                    "g": 0.615686297416687,
                    "b": 0.7137255072593689,
                    "a": 1.0
                },
                {
                    "r": 0.5607843399047852,
                    "g": 0.4941176474094391,
                    "b": 0.4313725531101227,
                    "a": 1.0
                }
            ],
            "OLLPOHKGJCA": 100002
        },
        {
            "crowdTypeID": 283,
            "spawnPosition": {
                "x": -415.1671142578125,
                "y": 273.044189453125,
                "z": 2703.489990234375
            },
            "spawnFaceFwd": {
                "x": 0.9999911189079285,
                "z": 0.004220187664031982
            },
            "hairColor": {
                "r": 0.32156863808631897,
                "g": 0.21568627655506134,
                "b": 0.18039216101169586,
                "a": 1.0
            },
            "bodyColors": [
                {
                    "r": 1.0,
                    "g": 1.0,
                    "b": 1.0,
                    "a": 1.0
                },
                {
                    "r": 0.2549019753932953,
                    "g": 0.30980393290519714,
                    "b": 0.3921568691730499,
                    "a": 1.0
                },
                {
                    "r": 0.6313725709915161,
                    "g": 0.6274510025978088,
                    "b": 0.658823549747467,
                    "a": 1.0
                },
                {
                    "r": 0.34117648005485535,
                    "g": 0.3529411852359772,
                    "b": 0.4000000059604645,
                    "a": 1.0
                }
            ],
            "OLLPOHKGJCA": 100003
        },
        {
            "crowdTypeID": 306,
            "spawnPosition": {
                "x": -413.9526062011719,
                "y": 273.044189453125,
                "z": 2703.511962890625
            },
            "spawnFaceFwd": {
                "x": -0.9999186396598816,
                "z": 0.012754559516906738
            },
            "hairColor": {
                "r": 0.25882354378700256,
                "g": 0.25882354378700256,
                "b": 0.25882354378700256,
                "a": 1.0
            },
            "bodyColors": [
                {
                    "r": 1.0,
                    "g": 1.0,
                    "b": 1.0,
                    "a": 1.0
                },
                {
                    "r": 0.2549019753932953,
                    "g": 0.30980393290519714,
                    "b": 0.3921568691730499,
                    "a": 1.0
                },
                {
                    "r": 0.6313725709915161,
                    "g": 0.6274510025978088,
                    "b": 0.658823549747467,
                    "a": 1.0
                },
                {
                    "r": 0.34117648005485535,
                    "g": 0.3529411852359772,
                    "b": 0.4000000059604645,
                    "a": 1.0
                }
            ],
            "OLLPOHKGJCA": 100005
        },
        {
            "crowdTypeID": 307,
            "spawnPosition": {
                "x": -414.9953918457031,
                "y": 277.3782043457031,
                "z": 2722.469970703125
            },
            "spawnFaceFwd": {
                "x": -0.2972182631492615,
                "z": -0.9548096656799316
            },
            "hairColor": {
                "r": 0.25882354378700256,
                "g": 0.25882354378700256,
                "b": 0.25882354378700256,
                "a": 1.0
            },
            "bodyColors": [
                {
                    "r": 1.0,
                    "g": 1.0,
                    "b": 1.0,
                    "a": 1.0
                },
                {
                    "r": 0.35686275362968445,
                    "g": 0.29411765933036804,
                    "b": 0.239215686917305,
                    "a": 1.0
                },
                {
                    "r": 0.5803921818733215,
                    "g": 0.5803921818733215,
                    "b": 0.48627451062202454,
                    "a": 1.0
                },
                {
                    "r": 0.2980392277240753,
                    "g": 0.2823529541492462,
                    "b": 0.27843138575553894,
                    "a": 1.0
                }
            ],
            "OLLPOHKGJCA": 100012
        },
        {
            "crowdTypeID": 284,
            "spawnPosition": {
                "x": -415.83380126953125,
                "y": 277.2048034667969,
                "z": 2722.05810546875
            },
            "spawnFaceFwd": {
                "x": 0.9381979703903198,
                "z": 0.3460990786552429
            },
            "hairColor": {
                "r": 0.3960784375667572,
                "g": 0.27843138575553894,
                "b": 0.1882352977991104,
                "a": 1.0
            },
            "bodyColors": [
                {
                    "r": 1.0,
                    "g": 1.0,
                    "b": 1.0,
                    "a": 1.0
                },
                {
                    "r": 0.545098066329956,
                    "g": 0.3529411852359772,
                    "b": 0.37254902720451355,
                    "a": 1.0
                },
                {
                    "r": 0.7411764860153198,
                    "g": 0.686274528503418,
                    "b": 0.615686297416687,
                    "a": 1.0
                },
                {
                    "r": 0.3176470696926117,
                    "g": 0.2666666805744171,
                    "b": 0.23137255012989044,
                    "a": 1.0
                }
            ],
            "OLLPOHKGJCA": 100013
        },
        {
            "crowdTypeID": 308,
            "spawnPosition": {
                "x": -415.00750732421875,
                "y": 277.1330871582031,
                "z": 2721.547119140625
            },
            "spawnFaceFwd": {
                "x": -0.029264863580465317,
                "z": 0.999571681022644
            },
            "hairColor": {
                "r": 0.32156863808631897,
                "g": 0.21568627655506134,
                "b": 0.18039216101169586,
                "a": 1.0
            },
            "bodyColors": [
                {
                    "r": 1.0,
                    "g": 1.0,
                    "b": 1.0,
                    "a": 1.0
                },
                {
                    "r": 0.545098066329956,
                    "g": 0.3529411852359772,
                    "b": 0.37254902720451355,
                    "a": 1.0
                },
                {
                    "r": 0.3176470696926117,
                    "g": 0.2666666805744171,
                    "b": 0.23137255012989044,
                    "a": 1.0
                },
                {
                    "r": 0.7411764860153198,
                    "g": 0.686274528503418,
                    "b": 0.615686297416687,
                    "a": 1.0
                }
            ],
            "OLLPOHKGJCA": 100014
        },
        {
            "crowdTypeID": 306,
            "spawnPosition": {
                "x": -426.1221008300781,
                "y": 280.7110900878906,
                "z": 2748.830078125
            },
            "spawnFaceFwd": {
                "x": 0.9043136239051819,
                "z": 0.42686861753463745
            },
            "hairColor": {
                "r": 0.3960784375667572,
                "g": 0.27843138575553894,
                "b": 0.1882352977991104,
                "a": 1.0
            },
            "bodyColors": [
                {
                    "r": 1.0,
                    "g": 1.0,
                    "b": 1.0,
                    "a": 1.0
                },
                {
                    "r": 0.2549019753932953,
                    "g": 0.30980393290519714,
                    "b": 0.3921568691730499,
                    "a": 1.0
                },
                {
                    "r": 0.6313725709915161,
                    "g": 0.6274510025978088,
                    "b": 0.658823549747467,
                    "a": 1.0
                },
                {
                    "r": 0.34117648005485535,
                    "g": 0.3529411852359772,
                    "b": 0.4000000059604645,
                    "a": 1.0
                }
            ],
            "OLLPOHKGJCA": 100019
        },
        {
            "crowdTypeID": 285,
            "spawnPosition": {
                "x": -425.1730041503906,
                "y": 280.70989990234375,
                "z": 2749.138916015625
            },
            "spawnFaceFwd": {
                "x": -0.9839622974395752,
                "z": -0.17837631702423096
            },
            "hairColor": {
                "r": 0.25882354378700256,
                "g": 0.25882354378700256,
                "b": 0.25882354378700256,
                "a": 1.0
            },
            "bodyColors": [
                {
                    "r": 1.0,
                    "g": 1.0,
                    "b": 1.0,
                    "a": 1.0
                },
                {
                    "r": 0.5803921818733215,
                    "g": 0.5803921818733215,
                    "b": 0.48627451062202454,
                    "a": 1.0
                },
                {
                    "r": 0.35686275362968445,
                    "g": 0.29411765933036804,
                    "b": 0.239215686917305,
                    "a": 1.0
                },
                {
                    "r": 0.2980392277240753,
                    "g": 0.2823529541492462,
                    "b": 0.27843138575553894,
                    "a": 1.0
                }
            ],
            "OLLPOHKGJCA": 100022
        },
        {
            "crowdTypeID": 306,
            "spawnPosition": {
                "x": -405.4585876464844,
                "y": 308.5466003417969,
                "z": 2885.6240234375
            },
            "spawnFaceFwd": {
                "x": 0.7325286865234375,
                "z": -0.6807361841201782
            },
            "hairColor": {
                "r": 0.4274509847164154,
                "g": 0.37254902720451355,
                "b": 0.3019607961177826,
                "a": 1.0
            },
            "bodyColors": [
                {
                    "r": 1.0,
                    "g": 1.0,
                    "b": 1.0,
                    "a": 1.0
                },
                {
                    "r": 0.35686275362968445,
                    "g": 0.29411765933036804,
                    "b": 0.239215686917305,
                    "a": 1.0
                },
                {
                    "r": 0.5803921818733215,
                    "g": 0.5803921818733215,
                    "b": 0.48627451062202454,
                    "a": 1.0
                },
                {
                    "r": 0.2980392277240753,
                    "g": 0.2823529541492462,
                    "b": 0.27843138575553894,
                    "a": 1.0
                }
            ],
            "OLLPOHKGJCA": 100026
        },
        {
            "crowdTypeID": 307,
            "spawnPosition": {
                "x": -364.9798889160156,
                "y": 314.0194091796875,
                "z": 2900.409912109375
            },
            "spawnFaceFwd": {
                "x": -0.4585331976413727,
                "z": -0.8886772394180298
            },
            "hairColor": {
                "r": 0.29019609093666077,
                "g": 0.3176470696926117,
                "b": 0.3529411852359772,
                "a": 1.0
            },
            "bodyColors": [
                {
                    "r": 1.0,
                    "g": 1.0,
                    "b": 1.0,
                    "a": 1.0
                },
                {
                    "r": 0.5803921818733215,
                    "g": 0.5803921818733215,
                    "b": 0.48627451062202454,
                    "a": 1.0
                },
                {
                    "r": 0.35686275362968445,
                    "g": 0.29411765933036804,
                    "b": 0.239215686917305,
                    "a": 1.0
                },
                {
                    "r": 0.2980392277240753,
                    "g": 0.2823529541492462,
                    "b": 0.27843138575553894,
                    "a": 1.0
                }
            ],
            "OLLPOHKGJCA": 100028
        },
        {
            "crowdTypeID": 283,
            "spawnPosition": {
                "x": -365.45721435546875,
                "y": 314.0194091796875,
                "z": 2899.51806640625
            },
            "spawnFaceFwd": {
                "x": 0.4470972418785095,
                "z": 0.894485354423523
            },
            "hairColor": {
                "r": 0.32156863808631897,
                "g": 0.21568627655506134,
                "b": 0.18039216101169586,
                "a": 1.0
            },
            "bodyColors": [
                {
                    "r": 1.0,
                    "g": 1.0,
                    "b": 1.0,
                    "a": 1.0
                },
                {
                    "r": 0.4156862795352936,
                    "g": 0.45490196347236633,
                    "b": 0.4745098054409027,
                    "a": 1.0
                },
                {
                    "r": 0.6352941393852234,
                    "g": 0.6117647290229797,
                    "b": 0.5921568870544434,
                    "a": 1.0
                },
                {
                    "r": 0.2980392277240753,
                    "g": 0.27450981736183167,
                    "b": 0.25882354378700256,
                    "a": 1.0
                }
            ],
            "OLLPOHKGJCA": 100029
        },
        {
            "crowdTypeID": 284,
            "spawnPosition": {
                "x": -355.05731201171875,
                "y": 287.48419189453125,
                "z": 2809.3369140625
            },
            "spawnFaceFwd": {
                "x": 0.34023353457450867,
                "z": -0.9403408765792847
            },
            "hairColor": {
                "r": 0.3960784375667572,
                "g": 0.27843138575553894,
                "b": 0.1882352977991104,
                "a": 1.0
            },
            "bodyColors": [
                {
                    "r": 1.0,
                    "g": 1.0,
                    "b": 1.0,
                    "a": 1.0
                },
                {
                    "r": 0.5529412031173706,
                    "g": 0.615686297416687,
                    "b": 0.7137255072593689,
                    "a": 1.0
                },
                {
                    "r": 0.250980406999588,
                    "g": 0.2549019753932953,
                    "b": 0.32156863808631897,
                    "a": 1.0
                },
                {
                    "r": 0.5607843399047852,
                    "g": 0.4941176474094391,
                    "b": 0.4313725531101227,
                    "a": 1.0
                }
            ],
            "OLLPOHKGJCA": 100033
        },
        {
            "crowdTypeID": 308,
            "spawnPosition": {
                "x": -354.7308044433594,
                "y": 287.485107421875,
                "z": 2808.3798828125
            },
            "spawnFaceFwd": {
                "x": -0.3288010358810425,
                "z": 0.9443992376327515
            },
            "hairColor": {
                "r": 0.4274509847164154,
                "g": 0.37254902720451355,
                "b": 0.3019607961177826,
                "a": 1.0
            },
            "bodyColors": [
                {
                    "r": 1.0,
                    "g": 1.0,
                    "b": 1.0,
                    "a": 1.0
                },
                {
                    "r": 0.250980406999588,
                    "g": 0.2549019753932953,
                    "b": 0.32156863808631897,
                    "a": 1.0
                },
                {
                    "r": 0.5529412031173706,
                    "g": 0.615686297416687,
                    "b": 0.7137255072593689,
                    "a": 1.0
                },
                {
                    "r": 0.5607843399047852,
                    "g": 0.4941176474094391,
                    "b": 0.4313725531101227,
                    "a": 1.0
                }
            ],
            "OLLPOHKGJCA": 100034
        },
        {
            "crowdTypeID": 283,
            "spawnPosition": {
                "x": -358.81549072265625,
                "y": 302.7442932128906,
                "z": 2806.568115234375
            },
            "spawnFaceFwd": {
                "x": 0.4476388990879059,
                "z": -0.8942145109176636
            },
            "hairColor": {
                "r": 0.3960784375667572,
                "g": 0.27843138575553894,
                "b": 0.1882352977991104,
                "a": 1.0
            },
            "bodyColors": [
                {
                    "r": 1.0,
                    "g": 1.0,
                    "b": 1.0,
                    "a": 1.0
                },
                {
                    "r": 0.2549019753932953,
                    "g": 0.30980393290519714,
                    "b": 0.3921568691730499,
                    "a": 1.0
                },
                {
                    "r": 0.6313725709915161,
                    "g": 0.6274510025978088,
                    "b": 0.658823549747467,
                    "a": 1.0
                },
                {
                    "r": 0.34117648005485535,
                    "g": 0.3529411852359772,
                    "b": 0.4000000059604645,
                    "a": 1.0
                }
            ],
            "OLLPOHKGJCA": 100038
        },
        {
            "crowdTypeID": 306,
            "spawnPosition": {
                "x": -348.97650146484375,
                "y": 294.5902099609375,
                "z": 2827.404052734375
            },
            "spawnFaceFwd": {
                "x": 0.9631790518760681,
                "z": 0.2688608765602112
            },
            "hairColor": {
                "r": 0.3960784375667572,
                "g": 0.27843138575553894,
                "b": 0.1882352977991104,
                "a": 1.0
            },
            "bodyColors": [
                {
                    "r": 1.0,
                    "g": 1.0,
                    "b": 1.0,
                    "a": 1.0
                },
                {
                    "r": 0.5529412031173706,
                    "g": 0.615686297416687,
                    "b": 0.7137255072593689,
                    "a": 1.0
                },
                {
                    "r": 0.250980406999588,
                    "g": 0.2549019753932953,
                    "b": 0.32156863808631897,
                    "a": 1.0
                },
                {
                    "r": 0.5607843399047852,
                    "g": 0.4941176474094391,
                    "b": 0.4313725531101227,
                    "a": 1.0
                }
            ],
            "OLLPOHKGJCA": 100043
        },
        {
            "crowdTypeID": 285,
            "spawnPosition": {
                "x": -417.6288146972656,
                "y": 281.22698974609375,
                "z": 2784.781005859375
            },
            "spawnFaceFwd": {
                "x": 0.9998467564582825,
                "z": -0.01750469207763672
            },
            "hairColor": {
                "r": 0.32156863808631897,
                "g": 0.21568627655506134,
                "b": 0.18039216101169586,
                "a": 1.0
            },
            "bodyColors": [
                {
                    "r": 1.0,
                    "g": 1.0,
                    "b": 1.0,
                    "a": 1.0
                },
                {
                    "r": 0.4156862795352936,
                    "g": 0.45490196347236633,
                    "b": 0.4745098054409027,
                    "a": 1.0
                },
                {
                    "r": 0.6352941393852234,
                    "g": 0.6117647290229797,
                    "b": 0.5921568870544434,
                    "a": 1.0
                },
                {
                    "r": 0.2980392277240753,
                    "g": 0.27450981736183167,
                    "b": 0.25882354378700256,
                    "a": 1.0
                }
            ],
            "OLLPOHKGJCA": 100047
        },
        {
            "crowdTypeID": 306,
            "spawnPosition": {
                "x": -416.6029052734375,
                "y": 281.22698974609375,
                "z": 2784.77099609375
            },
            "spawnFaceFwd": {
                "x": -0.991753876209259,
                "z": -0.12815701961517334
            },
            "hairColor": {
                "r": 0.25882354378700256,
                "g": 0.25882354378700256,
                "b": 0.25882354378700256,
                "a": 1.0
            },
            "bodyColors": [
                {
                    "r": 1.0,
                    "g": 1.0,
                    "b": 1.0,
                    "a": 1.0
                },
                {
                    "r": 0.250980406999588,
                    "g": 0.2549019753932953,
                    "b": 0.32156863808631897,
                    "a": 1.0
                },
                {
                    "r": 0.5529412031173706,
                    "g": 0.615686297416687,
                    "b": 0.7137255072593689,
                    "a": 1.0
                },
                {
                    "r": 0.5607843399047852,
                    "g": 0.4941176474094391,
                    "b": 0.4313725531101227,
                    "a": 1.0
                }
            ],
            "OLLPOHKGJCA": 100048
        },
        {
            "crowdTypeID": 284,
            "spawnPosition": {
                "x": -391.114013671875,
                "y": 281.22698974609375,
                "z": 2767.197021484375
            },
            "spawnFaceFwd": {
                "x": 0.10983840376138687,
                "z": 0.9939494729042053
            },
            "hairColor": {
                "r": 0.3960784375667572,
                "g": 0.27843138575553894,
                "b": 0.1882352977991104,
                "a": 1.0
            },
            "bodyColors": [
                {
                    "r": 1.0,
                    "g": 1.0,
                    "b": 1.0,
                    "a": 1.0
                },
                {
                    "r": 0.2549019753932953,
                    "g": 0.30980393290519714,
                    "b": 0.3921568691730499,
                    "a": 1.0
                },
                {
                    "r": 0.6313725709915161,
                    "g": 0.6274510025978088,
                    "b": 0.658823549747467,
                    "a": 1.0
                },
                {
                    "r": 0.34117648005485535,
                    "g": 0.3529411852359772,
                    "b": 0.4000000059604645,
                    "a": 1.0
                }
            ],
            "OLLPOHKGJCA": 100049
        },
        {
            "crowdTypeID": 307,
            "spawnPosition": {
                "x": -391.13909912109375,
                "y": 281.22698974609375,
                "z": 2768.260986328125
            },
            "spawnFaceFwd": {
                "x": -0.004333808086812496,
                "z": -0.999990701675415
            },
            "hairColor": {
                "r": 0.25882354378700256,
                "g": 0.25882354378700256,
                "b": 0.25882354378700256,
                "a": 1.0
            },
            "bodyColors": [
                {
                    "r": 1.0,
                    "g": 1.0,
                    "b": 1.0,
                    "a": 1.0
                },
                {
                    "r": 0.45098039507865906,
                    "g": 0.3843137323856354,
                    "b": 0.34117648005485535,
                    "a": 1.0
                },
                {
                    "r": 0.239215686917305,
                    "g": 0.2549019753932953,
                    "b": 0.3294117748737335,
                    "a": 1.0
                },
                {
                    "r": 0.4117647111415863,
                    "g": 0.40392157435417175,
                    "b": 0.4274509847164154,
                    "a": 1.0
                }
            ],
            "OLLPOHKGJCA": 100050
        },
        {
            "crowdTypeID": 308,
            "spawnPosition": {
                "x": -393.7225036621094,
                "y": 281.29119873046875,
                "z": 2818.839111328125
            },
            "spawnFaceFwd": {
                "x": 0.9720143675804138,
                "z": 0.23492157459259033
            },
            "hairColor": {
                "r": 0.3960784375667572,
                "g": 0.27843138575553894,
                "b": 0.1882352977991104,
                "a": 1.0
            },
            "bodyColors": [
                {
                    "r": 1.0,
                    "g": 1.0,
                    "b": 1.0,
                    "a": 1.0
                },
                {
                    "r": 0.5372549295425415,
                    "g": 0.364705890417099,
                    "b": 0.34117648005485535,
                    "a": 1.0
                },
                {
                    "r": 0.26274511218070984,
                    "g": 0.2078431397676468,
                    "b": 0.18039216101169586,
                    "a": 1.0
                },
                {
                    "r": 0.41960784792900085,
                    "g": 0.43529412150382996,
                    "b": 0.4941176474094391,
                    "a": 1.0
                }
            ],
            "OLLPOHKGJCA": 100051
        },
        {
            "crowdTypeID": 283,
            "spawnPosition": {
                "x": -392.8063049316406,
                "y": 281.29119873046875,
                "z": 2819.134033203125
            },
            "spawnFaceFwd": {
                "x": -0.9557852745056152,
                "z": -0.2940654754638672
            },
            "hairColor": {
                "r": 0.25882354378700256,
                "g": 0.25882354378700256,
                "b": 0.25882354378700256,
                "a": 1.0
            },
            "bodyColors": [
                {
                    "r": 1.0,
                    "g": 1.0,
                    "b": 1.0,
                    "a": 1.0
                },
                {
                    "r": 0.7450980544090271,
                    "g": 0.6941176652908325,
                    "b": 0.6431372761726379,
                    "a": 1.0
                },
                {
                    "r": 0.34117648005485535,
                    "g": 0.2666666805744171,
                    "b": 0.24705882370471954,
                    "a": 1.0
                },
                {
                    "r": 0.48627451062202454,
                    "g": 0.38823530077934265,
                    "b": 0.3019607961177826,
                    "a": 1.0
                }
            ],
            "OLLPOHKGJCA": 100052
        },
        {
            "crowdTypeID": 307,
            "spawnPosition": {
                "x": -402.3133850097656,
                "y": 274.6004943847656,
                "z": 2840.931884765625
            },
            "spawnFaceFwd": {
                "x": 0.8688398599624634,
                "z": -0.49509310722351074
            },
            "hairColor": {
                "r": 0.29019609093666077,
                "g": 0.3176470696926117,
                "b": 0.3529411852359772,
                "a": 1.0
            },
            "bodyColors": [
                {
                    "r": 1.0,
                    "g": 1.0,
                    "b": 1.0,
                    "a": 1.0
                },
                {
                    "r": 0.5372549295425415,
                    "g": 0.364705890417099,
                    "b": 0.34117648005485535,
                    "a": 1.0
                },
                {
                    "r": 0.26274511218070984,
                    "g": 0.2078431397676468,
                    "b": 0.18039216101169586,
                    "a": 1.0
                },
                {
                    "r": 0.41960784792900085,
                    "g": 0.43529412150382996,
                    "b": 0.4941176474094391,
                    "a": 1.0
                }
            ],
            "OLLPOHKGJCA": 100055
        },
        {
            "crowdTypeID": 284,
            "spawnPosition": {
                "x": -401.03021240234375,
                "y": 274.6578063964844,
                "z": 2840.33203125
            },
            "spawnFaceFwd": {
                "x": -0.8847193717956543,
                "z": 0.4661240577697754
            },
            "hairColor": {
                "r": 0.32156863808631897,
                "g": 0.21568627655506134,
                "b": 0.18039216101169586,
                "a": 1.0
            },
            "bodyColors": [
                {
                    "r": 1.0,
                    "g": 1.0,
                    "b": 1.0,
                    "a": 1.0
                },
                {
                    "r": 0.545098066329956,
                    "g": 0.3529411852359772,
                    "b": 0.37254902720451355,
                    "a": 1.0
                },
                {
                    "r": 0.7411764860153198,
                    "g": 0.686274528503418,
                    "b": 0.615686297416687,
                    "a": 1.0
                },
                {
                    "r": 0.3176470696926117,
                    "g": 0.2666666805744171,
                    "b": 0.23137255012989044,
                    "a": 1.0
                }
            ],
            "OLLPOHKGJCA": 100056
        },
        {
            "crowdTypeID": 283,
            "spawnPosition": {
                "x": -376.0492858886719,
                "y": 274.6005859375,
                "z": 2824.716064453125
            },
            "spawnFaceFwd": {
                "x": 0.6331889629364014,
                "z": -0.7739971876144409
            },
            "hairColor": {
                "r": 0.4274509847164154,
                "g": 0.37254902720451355,
                "b": 0.3019607961177826,
                "a": 1.0
            },
            "bodyColors": [
                {
                    "r": 1.0,
                    "g": 1.0,
                    "b": 1.0,
                    "a": 1.0
                },
                {
                    "r": 0.2980392277240753,
                    "g": 0.27450981736183167,
                    "b": 0.25882354378700256,
                    "a": 1.0
                },
                {
                    "r": 0.4156862795352936,
                    "g": 0.45490196347236633,
                    "b": 0.4745098054409027,
                    "a": 1.0
                },
                {
                    "r": 0.6352941393852234,
                    "g": 0.6117647290229797,
                    "b": 0.5921568870544434,
                    "a": 1.0
                }
            ],
            "OLLPOHKGJCA": 100057
        },
        {
            "crowdTypeID": 306,
            "spawnPosition": {
                "x": -374.91790771484375,
                "y": 274.6005859375,
                "z": 2824.22802734375
            },
            "spawnFaceFwd": {
                "x": -0.9911567568778992,
                "z": 0.13269561529159546
            },
            "hairColor": {
                "r": 0.25882354378700256,
                "g": 0.25882354378700256,
                "b": 0.25882354378700256,
                "a": 1.0
            },
            "bodyColors": [
                {
                    "r": 1.0,
                    "g": 1.0,
                    "b": 1.0,
                    "a": 1.0
                },
                {
                    "r": 0.250980406999588,
                    "g": 0.2549019753932953,
                    "b": 0.32156863808631897,
                    "a": 1.0
                },
                {
                    "r": 0.5529412031173706,
                    "g": 0.615686297416687,
                    "b": 0.7137255072593689,
                    "a": 1.0
                },
                {
                    "r": 0.5607843399047852,
                    "g": 0.4941176474094391,
                    "b": 0.4313725531101227,
                    "a": 1.0
                }
            ],
            "OLLPOHKGJCA": 100058
        },
        {
            "crowdTypeID": 285,
            "spawnPosition": {
                "x": -375.9256896972656,
                "y": 274.6005859375,
                "z": 2823.407958984375
            },
            "spawnFaceFwd": {
                "x": 0.4514787793159485,
                "z": 0.8922818899154663
            },
            "hairColor": {
                "r": 0.32156863808631897,
                "g": 0.21568627655506134,
                "b": 0.18039216101169586,
                "a": 1.0
            },
            "bodyColors": [
                {
                    "r": 1.0,
                    "g": 1.0,
                    "b": 1.0,
                    "a": 1.0
                },
                {
                    "r": 0.5529412031173706,
                    "g": 0.615686297416687,
                    "b": 0.7137255072593689,
                    "a": 1.0
                },
                {
                    "r": 0.250980406999588,
                    "g": 0.2549019753932953,
                    "b": 0.32156863808631897,
                    "a": 1.0
                },
                {
                    "r": 0.5607843399047852,
                    "g": 0.4941176474094391,
                    "b": 0.4313725531101227,
                    "a": 1.0
                }
            ],
            "OLLPOHKGJCA": 100059
        }
    ]
}